1: 70 17 37 34 75 13
2: 4 32 22 8 35 57 20
3: 15 4 13 27 77 35 82 33 63 96 69 48 47
4: 2 3 31 12 97 48 67 8
5: 96 71 36 17 42 84 100 57 46
6: 65 97 24 96 91 100
7: 95 44 47 9 69 50 23
8: 76 2 60 64 13 40 49 39 11 82 48 42 15 4 14
9: 85 22 30 15 80 42 7 40 17 32 68
10: 45 80 84 52 37 21 100 69 64 59
11: 67 8 76 48 25 12
12: 80 48 24 84 4 60 36 26 11
13: 8 3 80 69 76 97 1
14: 82 42 64 43 89 8 38
15: 3 90 9 66 51 95 73 8 49 39
16: 86 32 21 98 79 75 85 74 47 39
17: 47 1 19 5 27 9
18: 72 58 29 100
19: 52 82 93 78 17 32 76
20: 71 28 89 56 87 2 60 55
21: 37 16 27 30 52 61 10 36 99
22: 40 2 9 41 44 95
23: 93 56 69 7
24: 83 26 12 72 6 93
25: 52 86 94 84 30 11 33 39
26: 86 24 60 12
27: 74 53 3 21 17 45
28: 48 20 38 96 34 50 35 43
29: 54 40 49 99 81 76 18 77 87
30: 9 82 54 21 25 38 42 91
31: 99 95 4 69 50 100
32: 2 96 16 58 39 50 62 33 42 19 9 34 88 92
33: 44 36 60 64 35 89 3 32 91 92 49 25 52
34: 47 1 28 67 79 83 32
35: 2 3 33 28 42
36: 71 33 5 92 77 82 21 12
37: 21 96 1 69 61 50 57 10 59 98 42 68 38
38: 98 28 91 54 30 37 14
39: 81 32 84 8 59 71 73 80 16 61 15 25
40: 22 29 8 99 48 57 52 63 47 9 98 42 91
41: 87 69 22 45
42: 47 5 14 9 70 59 32 37 35 45 40 8 30
43: 72 69 89 100 28 14 57 82
44: 47 33 7 78 64 73 22 61 58 66
45: 10 98 96 42 41 77 27 58
46: 98 87 49 57 5
47: 71 44 34 17 42 53 7 73 67 40 72 16 99 52 3
48: 28 12 40 4 8 87 11 97 3
49: 29 46 8 96 76 33 15 56
50: 71 84 68 37 32 28 96 89 77 31 94 7
51: 90 91 68 15 92
52: 25 55 19 77 96 40 10 21 70 47 33
53: 27 47 90 59 63 64
54: 29 59 68 30 82 80 38
55: 52 100 65 74 78 20 71
56: 20 88 23 62 84 49
57: 60 72 37 40 2 43 46 5
58: 76 32 18 98 44 45
59: 70 54 39 42 37 98 53 88 10
60: 8 57 74 99 91 33 12 20 26
61: 37 21 81 44 39 79
62: 92 81 32 56 90
63: 81 76 82 40 3 53
64: 8 65 33 44 14 10 53
65: 55 6 67 64 99 84
66: 99 15 79 97 44
67: 11 65 34 73 47 4 93 87
68: 51 50 54 37 9
69: 43 87 37 41 13 23 31 7 3 10
70: 59 1 94 42 52
71: 36 47 5 80 20 99 50 88 39 55
72: 43 76 18 57 24 98 74 47 99 86
73: 82 98 44 47 67 39 84 88 15 91
74: 84 60 27 55 97 72 16
75: 1 16
76: 8 58 72 91 63 29 13 49 11 19
77: 52 36 3 82 50 45 29 86
78: 19 44 85 80 55 98 97
79: 99 66 16 34 98 61
80: 71 12 10 9 13 78 54 39
81: 39 63 29 62 61 92
82: 19 73 14 30 63 36 54 8 3 77 85 89 43
83: 24 98 92 34
84: 74 93 50 25 12 39 10 5 73 65 87 56
85: 9 78 16 82
86: 16 25 26 72 77
87: 46 69 41 20 100 48 84 67 29
88: 90 56 71 73 59 32
89: 20 43 33 50 98 14 82
90: 51 88 91 15 53 62
91: 51 90 76 60 6 38 33 73 40 30
92: 62 36 83 33 51 81 32
93: 84 19 23 94 24 67 98
94: 25 70 93 96 50
95: 7 31 15 22
96: 32 5 37 28 52 6 49 50 3 94 45
97: 6 98 66 74 4 13 48 78
98: 46 38 83 73 97 72 58 78 16 45 37 40 59 89 79 93
99: 31 71 66 79 29 60 40 65 72 21 47
100: 55 87 43 10 5 6 18 31
