1: 95 3 30 46
2: 70 9 97 48
3: 13 1 30 51
4: 52 47 6 99
5: 47 22 58 49
6: 47 4
7: 49 22 73 14 41 31 19
8: 57 11 29 56
9: 2 93
10: 100 96 79 17
11: 8 64 86 56 95
12: 80 63 60 66
13: 3 18 57 29 86
14: 53 31 7
15: 54 16 34
16: 15 92 33
17: 55 33 10 34 24
18: 30 56 13
19: 45 73 52 7
20: 44 34
21: 57 51
22: 58 7 45 5 41
23: 39 87
24: 44 55 17
25: 100 33 85
26: 62 72 83
27: 43 40 42 89
28: 46 77 51
29: 8 77 13 82
30: 46 18 77 1 3 86
31: 58 14 7
32: 69 38 65
33: 96 79 17 25 16
34: 74 17 15 20
35: 97 48 78 93 43
36: 48 70 40 90
37: 74 55 67
38: 32 59 68 72
39: 43 23
40: 27 89 36 90
41: 7 22
42: 27 93 97 70
43: 27 39 87 70 35
44: 20 24 54 85
45: 19 22 49 88
46: 30 1 28 76
47: 4 6 88 99 5 73
48: 36 81 35 90 2 50 78
49: 7 75 91 53 45 5
50: 70 48 78
51: 56 3 28 21
52: 19 4 75
53: 73 75 14 49
54: 15 44 74 85 79 96
55: 17 24 79 37 96
56: 82 18 51 11 8
57: 8 13 21
58: 22 31 5
59: 38 83 69
60: 12 63 98
61: 63 72
62: 26 69 98 84
63: 61 84 72 12 60 71
64: 11 82 76
65: 32 98 71
66: 71 12
67: 96 37
68: 84 38 94 83 80 98
69: 32 62 59
70: 50 36 93 2 43 42 90
71: 65 66 63
72: 84 38 61 63 26 80 98
73: 19 53 7 99 47
74: 34 100 37 54 85
75: 49 53 52
76: 95 46 64 77 86
77: 30 29 28 76
78: 93 35 89 48 50
79: 33 10 55 54
80: 83 12 94 68 72
81: 48 87
82: 56 64 29
83: 80 84 68 59 26
84: 68 72 63 83 62
85: 96 54 44 74 25
86: 30 11 13 76
87: 43 81 23
88: 47 91 45
89: 40 78 27
90: 48 70 36 40
91: 49 99 88
92: 16 100
93: 78 70 42 35 9
94: 80 68
95: 1 76 11
96: 67 33 10 85 55 54
97: 35 42 2
98: 62 65 60 68 72
99: 73 47 91 4
100: 10 74 25 92
